Channel,Subs
ClassicSystems,253K
Quality Lyric Channel - Killing th…,88.9K
EthioVEVO1 Ethiopia Official,79.8K
ezikill,69.9K
ZNSNetwork,62.6K
Sivananda Ashram Yoga Retreat Baha…,46.3K
24Adrian24,42.4K
HH Universe,34.2K
Daughter of Albion,33K
Гигабайты Историй,25.5K
O.E.U. Studios,24.2K
JiggyJamJiggy,22.9K
HodayoRich,21.6K
TravyBahamas,21.4K
TV - Новости,20.7K
DANCECLASSICdotEU official account,20.6K
16 Bit World,20.5K
AOKP,20.2K
Чил,19.1K
NarutoTV,18.4K
VINCENTonANDROID,17.4K
Sherwin Gardner,17.3K
PTXperience,16.9K
TGTMV TV,16.4K
Neslin Destilhomme,16.4K
Templeton Religion Trust,16.1K
Ulfurmensch,16K
Alkaline Tips,15.9K
LJayy97,13.8K
Atlantis Bahamas,13.7K
Nam Dang,13.4K
Joe Noonan,11.8K
Ashley Lynn,11.3K
Eder Cosmaker,11.2K
Krov Menuhin,11.1K
DJ REMIX,10.2K
Enderezado y pintura,10K
عالم المعرفة والفا…,10K
CatalystEXE,9.94K
EYEWITNESS NEWS,9.71K
KhingKloud,9.7K
Eagle Eye Prophet Princeton Boston,9.27K
elxnce,8.73K
TBR FILMS,8.29K
futuredubz,7.94K
Kyss My Style,7.79K
LittleBhoot,7.76K
Virtual School Bahamas,7.14K
GC DARTS,6.99K
☆Pixelated_Kitty☆,6.94K
Matheus Rocha,6.84K
Lil Cow Beep,6.67K
Cyclone Music,6.65K
Trần Văn Minh,6.03K
Bahamas Sotheby's International Re…,6.01K
ترول بوي | TrollBoy,5.96K
MethoKi,5.85K
cegs001,5.79K
BahamianDollLover,5.62K
ziomekrol2,5.54K
pumkinpie96,5.4K
jonathan russell,5.07K
Templeton World Charity Foundation,5.01K
tiOteD,4.81K
webm tread,4.74K
Siitv,4.71K
Kiều Xuân Bảo Truỏng KZT,4.7K
GoldSrcFreeman,4.66K
Pumpkin The Raccoon,4.51K
Anime Reactors,4.43K
hugomanager,4.39K
Roy Avdol,4.19K
Nassaw Briganté,4.15K
Capper Baybee,4.02K
boyassta,3.94K
Goldhounds Nugget Recovery,3.91K
Dj General official,3.69K
dageekamz,3.63K
SAIRUS,3.53K
FAIZ RM,3.53K
Abou Dajaja,3.5K
GSODAT,3.5K
ARK Invest  INC.  Tesla INC.,3.39K
king walsin,3.37K
Lyric Translator,3.35K
Mount Tabor Church [MTC LIVE],3.3K
ابو احمد الألماني,3.2K
dexter knowles,3.19K
mvpcdo,3.17K
Nicu Birlogeanu,3.14K
Rzin,3.11K
J.A INSTRUMENTALS 2,3.08K
Aldayasia,3.06K
chim navely,3.05K
HolySnake,2.99K
The Office of the Prime Minister T…,2.92K
No Mundo da Lua,2.91K
10th Year Seniors,2.87K
Anglican Diocese of The Bahamas & …,2.87K
Trash Kingdom,2.86K
HowToGrowWeed420,2.79K
RealBahamas,2.76K
viewandenjoy,2.69K
Dinamo Play,2.55K
iNSANETEMPSZ,2.55K
Bernard Hepburn,2.52K
Chaxnz,2.48K
OurMercy,2.45K
Nicole Canterle,2.45K
Sister C JoyFM,2.38K
Life Changers Ministries Internati…,2.33K
TourismTodayBahamas,2.31K
Mysterious Design,2.28K
Ramon Louza,2.21K
I᥎ᥲᥒᥲ-!!?,2.2K
Cristina Zenato,2.14K
RoseanneInspired,2.12K
Cchamp,2.11K
Drill City,2.1K
Jamal Moncur,2.05K
Chipettecrazy101,2.03K
Dr. Jean Paul Charles,2.03K
MyBTC,2K
Unorthobox,1.99K
Jame Andy,1.98K
Jess89870,1.97K
T.J. Burrows,1.96K
Renzo Kushlife,1.91K
Archdiocese of Nassau,1.89K
EnderrGames,1.87K
AGENT YT,1.85K
VipStyleModels,1.85K
Agent Rayhan,1.84K
Ap Ashton TheCreator,1.77K
VIBEZZ WITH TORO,1.77K
CrazyEight901,1.76K
ALIV,1.75K
P̷i̷x̷i̷e̷ nugget,1.75K
The Embassy International,1.75K
involta,1.75K
LegendaryMonkey,1.74K
Ricardo Clarke,1.73K
MrScorpideus,1.68K
naturalrealistic wolf,1.67K
Qra Gira Mundo pu5eaz,1.62K
TheSexycola,1.61K
FeedingFrenzy91,1.61K
Asah Global Spheres Apostolic Equi…,1.61K
Press Play,1.61K
Living Waters Kingdom Ministries,1.6K
Englishlink - Free Online English …,1.59K
Senpai Txng 先輩,1.59K
Rap jdid  ™,1.59K
The Yacht Life,1.58K
thepornmenlive,1.56K
MMATSdreadnautLOVER,1.54K
Bahamas Carnival,1.53K
~DiorThePlug!,1.53K
jutube123,1.5K
KhingKloud,1.49K
Chez 2saucy Vevo [YTN],1.49K
hckr4evr,1.48K
Red,1.46K
56Tobi,1.44K
Grace Community Church,1.43K
Darvin Mckinney,1.39K
REV from Cable Bahamas,1.38K
Channel favorite ppet sonk,1.37K
Stephanie Bailey,1.35K
Bahamian or Nuttin Live,1.34K
Celeste Fran,1.33K
Nedylb Media,1.32K
Beijing Rodgers,1.32K
artsy_voyageuse,1.31K
xoxoalexxoxoo,1.29K
Latina Hall,1.29K
Michelle López,1.29K
Vez Marshall,1.28K
Ace Spa,1.27K
D'Arcy Rahming,1.26K
T. Bethel,1.25K
tyièytoètrt,1.25K
Tự học Marketing Online,1.24K
rtn band,1.23K
Tyra Foulkes,1.22K
yoome4,1.22K
even.,1.21K
Island Beauty,1.21K
Mufti salim Patel,1.2K
Sirene Super,1.19K
1stedra,1.18K
D Mac Bahamas,1.18K
The Murphies,1.18K
The Holy Qubtic Church Bahamas,1.18K
Catholic Schools Bahamas,1.16K
snatchedbahamas,1.15K
Baha Mar,1.12K
Jazmin Ageeb,1.12K
Yawn Amethyst,1.11K
Death Row East,1.1K
Deno9,1.1K
Tank,1.07K
Department of Inland Revenue Baham…,1.07K
Nightcore Drone,1.07K
thaKong,1.07K
billiejeanS2,1.06K
Bethany Seventh-day Adventist Chur…,1.06K
Mia VLOGZ,1.04K
Juss Kinah,1.04K
galga ya,1.02K
21bahamas,1.01K
ImJustEviLz,1K
BAHA GALA,994
Rouénation,987
RJBZZZZ,982
BahaReads,977
Mansa Gibbo,970
NF Gmoney,967
Maneisha Culmer,967
Geri J,964
Unni Berg,958
aRaBiC NaTh sOnG,958
Don't Expect Uploads From Me,952
Tony Da Great,948
Tomi AF Alterno,945
Jahiem Rahming,935
It’s Desire,924
Nattes d'MSP *-*,924
sikeplayz,917
SHINE 242 Bahamas,914
dommy7077,911
ImZonify,910
PilxrFN,910
Sideline Sports & Entertainment - …,909
Jameka Jasmine,905
Pharrell Off Rip,904
MasterNaru,900
Kermit Taylor,899
adamorsomething,896
ilias El joual / إلياس الج…,895
Drea cornish,892
mackeymedia,889
Pumpkin Gaming,889
Neke Bella Lifestyle,884
Casper Wong,879
TheGoodDisciple,877
Trijosh,876
Rocky Arnett,867
Chosen Saints Of God,865
Christ The King Nassau,862
Royal Bahamas Defence Force,861
FhTrickshots,852
YHB Nazzy,852
Retro,846
disneygurl921,845
Jazmyn Dakota,815
PADMAJA RONALD,806
Panxora,805
The Inspirational Club,799
BahamianShaolin,797
Bahamas National Trust,787
TechSuperPosition,764
HikaruJay,754
ZaTicTreXzY,736
Pastor Quinty,734
भोजपूरी ऑफिश…,723
Jake Aulin,722
jackieblowerbeauty,719
Og Floaw,719
Coldwell Banker Bahamas,718
kreglarz99,716
Harrison Thompson,711
Alana Frazer,711
Chhavi real vlogs 1,692
Chris Bain,685
MarioESands,678
Killuminati,677
Bahamas Customs Official,671
Jada Symone C,667
ₐ G A J U A N,662
Raushan Short Vlog,656
Gfx Digital,655
Believers Faith Outreach Ministrie…,652
SHAD FER,651
Sanc,648
Rebekah Joya,639
dean66essex,638
Bahamas National Youth Choir,636
Mustapha Cross bitume,635
The Real Phylicia,623
deathsdiscomfort,613
SunCash Bahamas,612
ULTIMAELITE1900,610
RoeyTV,608
That sexy juicing Vegan,605
Ҝɑngɑrɑ ɑnd Ǥɑlo,601
Blue Lagoon Island,599
Amber T,596
mk7io,593
Better Homes and Gardens Real Esta…,592
Caerula Mar Club,584
Aeon Chapter,584
The Next Face,583
komplxity,582
Erik,579
Bossmansj242,577
Pipocando Lá em Casa,576
KcXExtreme Gaming,574
DeyTec Gamer,559
Manolis Ko,557
Kohler Games,557
MrCreative242,555
Beaut-tee-ful,554
Powokie,554
Estúdio CAFT - Produtora de Conte…,553
Dark Music,549
King XCVII,546
Perrin,545
Uniquely Darvy,544
Bahamas King,543
ikdZ3cb3Txwga2xq26wPMA,542
420mAfiagOD_THME,538
Shitz gabi,537
VFXBYJAYY,534
Kendy Artis,530
Pyromario,529
G-WHITE GAMING,526
Notorious Society,523
TenajSwann Music,520
Sariyah,520
gguunnmmaann,514
Danilo Nascimento,514
New Testament Baptist Church Nassa…,514
ARMELLE'S ART of HEART,513
Gaybs Oficial,512
Geo Boy,509
International Field Studies,503
YooDanz,500
Bahamian Or Nuttin!,496
Old Bahama Bay Resort,494
Aleksei Flowers,490
Scruffy Dat,489
lefse,479
Real bod mon,475
Billiards Bahamas,471
Mister Jey,471
Ian Levy,469
TaDaLive,468
Transformation Ministries Intl,468
Alpha Wolf,467
jvders,463
BahamaLawyer Studios,463
Old account,462
Savion Sanders,461
SAMU Games & animes,459
Marcelo Pahl,458
PieRRot,458
Gina France,457
CBS Bahamas,455
Neshuh B,454
Unique Couples,453
Gia Ashleyann,453
Человек Гвоздь,453
Retro Lex,452
DJ GUNDA GAMER,450
RF Bank & Trust,444
Lady Haha,443
Khay Benji,442
DefrostCinema,439
ladylex885,437
MOAR; Cookies,436
Vlogger's News Network | AbacoRodn…,435
Sincerely Sadia,434
Rafael Mota,433
RUME'S KITCHEN,432
Selena Diamond,430
Xfiles52,428
Brittany Tattiyanna,427
RobZombii,424
Young Mallie,424
Sexyisland girl,421
Lil CatchABody,420
Takzvaně Samo,420
Adderley M,419
NHI Bahamas,417
Latoya Laughs,416
iG Leeky,409
TheCelebrityPianist,408
TheChillGuy,408
Abbeymore1,406
justkeeya,406
Love(`・ω・´),403
MyoMask,400
Family Medicine Center,399
BahamasLRE,398
TRBxLOE,398
CrazyManRick,397
Game_ Production,393
Casso Blitzo,393
SEO Buddy,392
Scharad Lightbourne,388
A Dorrol Sands Production,388
NAMASTRIP BLOG,386
Westside MuzeeQ,386
Gaete Noup,386
YourfavoriteLibra,382
Okane LaCoure,380
Island Sound Waves,379
AS VELOX333文,378
Geortavia Caché,376
Kris Rahming,375
Oh! Natural Aromatherapy,374
Luca Venturini,372
Scott Thayer,372
Randante,372
Julianne S,370
Hinsey Happenings,370
Prodip paul marandy,369
CygI,364
NL Kiddoe,362
Linus Carlsson,359
efrain and giovanni Vazquez,358
Rattheartist YoungArtist,358
StMichaels Methodist242,357
CEIBahamas,356
Андрей Скрипка,355
Double Trouble,355
Bahamas Music Industry,354
G Shonno,353
Saph's Container Garden,351
Bryn MacPhail,350
rdamtp,349
St Andrews School Bahamas,348
vartasy,347
Demajaio,345
XkoriX,345
Unshaybo,344
Shivaay 1908,342
D3R Productions,340
neymar scorsese,340
"{§""TARLEFF TERLAFF""§/****HOLLYWO…",340
Last Hope TV Official,339
BESF,339
RjayTheGamer 242,338
Beth&Steven4L,337
Dj Ronnie242,331
neji1515,330
Vee The Singer,329
Xander-sama,328
Juliana Passos,328
•Ellie Cookiiesシ•,326
H M,325
Unknown,324
Davone Rolle,323
Lankan solo traveler,321
MD SaHiL,321
Riccardo Riivera,320
SunBoat Adventures,320
alqha,320
EdgeDiving,319
chillamayne,317
LolliMakall,317
Dolphin Dream Team,317
Keith Zanz Library,316
Shaquille903,314
Successive PlayZ,313
Viniciuz Koka,313
places,312
Samuel Bastian,311
ItzColoDizz,310
King Of Hearts Media,310
jxmmi,310
Simply Arielle,309
Brad's Bahama Eco Trip,308
Jave Music,306
Phantom Sheep - SheepyAnims,305
Fred Smith,304
I AM IFE,303
SLIM KADEN THE RANTER 2.0,301
KGB Lifteer,301
Kelly Bahamaloc,296
Vomit,293
Josh Linder,293
Jake The Husky,292
????????,291
BriggSnipes,289
Praveen sethi,289
Sxik1 모 xit,289
Deonne,288
Actually Bruce,288
chris tinnell,287
Joshua Stewart,287
BahamianRay,285
JNineyy,284
TekGnostics Media,284
Amanda xox,282
x Jeano2K,281
PLPAdmin,278
OBD Glizzy official,278
Roblox Shay Pup,278
BLECKAL TV,277
KATAZIN FF,277
Daily Holidays pets songs,276
True Beauty Thyra,275
SòRíku Kìshìý,275
Hizaah,273
Cash N Go,269
Steven6M54,269
Abubakir Gadirov,268
Daddy boy tray,266
Philane.S,264
MBULA SPAIN,263
conchalay Nation channel,262
Alexxa TV,260
Alyah Austin,260
Bahamas Marine Mammal Research Org…,259
Prozonmo Exchange,258
Rkelmee,257
XyroDesign,254
Okyanos Center for Regenerative Me…,253
ICX Chris,253
LeonardoDiCarryYou,253
jose hernandez,252
Demonology,251
Bridgette Mackey,250
Elise Carter,249
Wizzow,248
ssorayt,248
Church of God Temple,248
Eric Anthony Crew,246
Talibanz Nick,246
Cecemjfan,245
nosurgeryweightloss,245
Trash Of The internet,243
GAYninal jam,242
MrTripledot XP,242
DesireGlow,242
ASB MULTIMEDIA,240
EWO,240
Eric Rose,240
90210TheCW,239
jayaundra,239
TPC A.M,238
SATA SAT FILMS,236
mycurlyobsession,235
ALK'S LEARNINGS,235
Harry & Britt,234
JaySimPlayz,234
llldzanelll,231
BahamaUncleLee,231
Sano Exclusive,231
Bodi4ka CsGo TV,231
Uní Corn,230
PRIYA GAMER,230
Al Rahming Photography,230
brunojumbey,228
Cowboy The Potcake,225
yoongi_islife,225
Bowflex Barbie Fitness,222
Dope Lyrics,222
shinydrangonmaster,219
Turio,216
IIIII',216
Maky Tv,215
Lil T,214
KidProdigy,214
Ouncee Dawg,213
Bridgette Wright,212
افلام كرتون,212
陳寗,211
FOHOW BAHAMAS,211
Tee064,211
chitayu creation,211
demiandselenaluver,210
mikeytherealist,209
Science And Perspective,209
ORCA_RED _242,209
Aujg,208
MisterChocoIntro,207
Spanish Wells Gospel Chapel,207
K K Simulations,207
Ironic Ashton,206
Alepanda,206
Engel & Völkers Bahamas,206
KCAFemaleUniverese,205
Trapz Soulz,205
RawAngelo,203
UnRulyBahamian,202
HunchoHam,201
Black Skull Airsoft Team,201
Mouse,200
SashaSkates,200
Mero,198
Apollo Smith,197
Florão Records,196
iBoy Teddy,196
SųgãrŔüsh,195
Crizy _,193
kiji,193
Ajayy711,193
Lord Skeletor,193
Kevin Swaby,191
Luckee,191
DrizcaVI,190
TeamRewinDNaTion,189
lennynotkravitz,189
Markayla Smith,188
sosamanbahamasmusic,187
SUAN GAMING,186
Tibly Games,186
Jamaal Knowles,186
Chosen Few Production,185
Andy Ward,184
Island Pay,184
cyberknayeon,182
NTP Benny,182
Jewel Grace,180
Matrixbt,179
Gerald Cash Grade 5,177
BahamasBro YT,177
Alpha Dragon 242,176
100 Snipes,176
The Ivanin,176
ChasexChrista,176
Ganeva Studio247,175
Strange Duck,174
Kolcce,173
꧁[GD]AngeloS7꧂,172
mayotayo,172
Claviere,172
Staying Serene,170
Dely's World,170
Dian Storm,168
Fanatic Islanders,168
CHRYS,167
Robert Barry,167
Gaby Rguez,166
Chanel Vlogs&CallingVideos,166
Tiana?,165
Lyford Cay International School,165
angry bird,165
shubhadeep patra,165
luhtxnio,164
Girl Fnaf Tv,163
Cremic LC,163
Dwanae Shante,162
Q’DeshaBreann,162
Lizology tv,162
Gamertrayy boss,162
Hannah Blair,160
Staniel Cay Adventures,159
Kingdom Government Movement,158
Nathan Felipe,158
LadyKay,158
Walleggalm,157
Flaming App,157
UB Music Department,157
Saint Cross Gang,157
Calcium,157
Abdelfattah SERRARI,156
lamya's corrupt world,156
DjMiloDaDon,155
mokko,155
Super Mario Video Production,154
quit,153
Impapamax,153
Jonae Malea,152
Inhumane Tzar,152
Jakire,151
Dnauche Beauty,151
Dame,150
BryanCyBroG242,149
Dream of cocoquinn,149
AngieLove242,148
JuicyProductions07,148
SlammerRunks Official,147
H'M OfficialTM,146
se,146
PkayzzHD ツ,146
Michael Duggan,145
Breanna & Victoria,145
ZBBunny,144
KirichMine,144
rez,144
MacroSoft Gaming,143
Latasha T. Taylor,143
Tattookid sean,142
Redshiner242,142
Nicolas Stanko,142
Cindy Russell,142
ANGELO316,141
Tyler Delva,140
pjay smith,140
Apps4PC,139
AID BAHAMAS,139
Eclappgod,139
SeldonIsEpic 242,138
G5ive Marflar,138
Official Oath.,137
Arnoldinocorpulous Corpulous,136
Sidnia Bethel,136
Lemon Tiến,136
Timothy J. Carroll,136
Kerthis_- _écran,135
Luca Schutzenhofer,135
Babyboimiguel,134
Denzy,134
Lost idiot,133
Larissa.Shantel,133
Chrishna Bowe,133
Sito3x,133
LxChelle,133
L. Hop,132
SAR SARAH,132
D. K . #thebestlifestyle,132
Saloga Drift,131
LED matic,130
englishtamil1,130
Mr Alpaca 21,130
Relaxing Music,130
Symia Art,129
camera caché DZ,129
Keenan Beats,129
Wolfie Wolfpack,128
JetPlays MC,128
GoldenPhaze,127
Hidden ',127
2NTY2,127
BlastyThePlayer,126
With Mael Alcide,125
ShannieWill Speak,125
Melodic Sync,124
MaxRageCZ,124
hustejtypecek,124
kareem parker,123
jesknow HD,122
shiningstarmusic1,122
Tilloo Pond Retreat - Abaco Bahamas,122
IslandboyT,122
s2kbs,120
_dailymotivationclub_,120
Ju Productionz,120
Kevin Moneyman,120
Chante K,119
thelasthope,119
A and B Lifestyle,118
Szupervideósok.com,118
x-_Saviour_,118
Fvntvcy,118
pimpsoulja8888,118
DarkIBL,117
Ghastly Music,117
J S,116
PhoenixRaine07,116
Nassau Plane Spotting,116
Aki Agario,116
Mama Toby,116
Carzio Baresi,116
Bhlr,115
أفلام جديده,115
OfficialRael,114
Florina Desu,114
Tyr_eSe,114
DexFromBahamas,113
M-C-Bunny,113
Xovury,113
Skaii,113
Steffon Grant,112
Ak1mBoproductions,112
CraziiBeautifulFaces,112
misha !,112
Jah Real Official,112
Clash With Viva- Clash Royale and …,111
Sailing Bangarang,111
ChinoSantana,111
Aisha Bri,111
GoBiggety,111
Glory 93.9FM,111
OnlyRunitz,110
lEnesKacar,109
Kiril Korolyov,109
Fast Life Records,109
Marisha Veneish,109
EvolutionTunez,108
Nanang Saiful Arif,108
hrh prince Rashad HURBERT SHADDYRN…,107
direct touch,107
xxXIronPivoterXxx,107
ll BenG ll,107
Dames Entertainment,107
Life As Janay,107
VIEW POINT,107
lopypop,106
Wolson Dorval,106
Nejgotbeats,106
Roderick Wells,104
Josiah Teddy Kinlock,104
Bahamian Gamers,104
Tiara Dee,104
TheFalls,104
Made in Water,104
Iron Knight,104
Feaxy,103
FaddahFrogz,103
SorgE,103
ByEEK,102
Marcus Forbes,102
Quelques Connards,102
Tru Story,102
Lexus Diamond,101
Pratyush Singer,101
Kerthis _,101
Brianna.,101
The KING of ANDROSICA,101
Shadow Trap Mage,100
MoreMella,100
FerProducciones,100
MS Instrumentos Industriais Ltda.,100
طبخات سريعة,100
Prosto Коля,100
Mk RIFATH,100
GWTERRYYT,99
bosstelHD,98
KeshagenJamalTV,98
Bahfari Films Inc,98
GamingWithAidenn,98
Boyan Pantev,98
Scott Griffin,98
SmAaSh,97
Ellis Todd,97
charles newman,97
Legend Prod,97
Koala Boy,97
TANMANIASKATER,96
Shaheem Carter,96
Alucard,96
CamPala,95
fart,95
sweetlovejustinb,95
G-Gaming,95
yagirlmoe,95
Fluhxy0,94
SolidShots,94
Jiya Oza,94
LA Rodes,93
Fut Kingz,93
Hunter,93
antonio sims,93
Lamburt,93
Oafdawg,93
Peter Griffin,93
heavyfingers,92
Home for Sale in Nassau Bahamas,92
Unlisted477,91
Joshua Joyce,91
Dolan FPV,90
Royniel Lewis Jr,90
Conceitos sites,90
Quinton Gordon,90
Illllll,90
Pearl Island Bahamas,89
Ninja,89
THE LUV GURU'S CHRONICLES,88
CJ,88
Mano Cox,88
Kerrington Rolle,88
Darry,88
ReNeGaDa,87
Wolfiegaming 242,87
PinkSands 242,87
not_lifeless,87
Haeven Band,86
item,85
BJC & BGCSE Mathematics Tutorials,85
Democratic National Alliance,85
AnEvery,84
GORDOX 333,84
FreeRefreshJ,84
Domenico 85,84
Delroy Cornish,84
RobAlpacaflip,83
Xxtract,83
JanaeTellsAll,83
FRIENDHILL,83
Vet,83
B0kysha,83
Who Is Rolle?,82
Mamix LIVE,82
Welber Azevedo,81
VNUNRR,81
Kingman Ingraham,81
Zeljko Zaric,81
MegasDaddy,80
Rufus Jacobson,79
Ovven Pott,78
Tech Abhyas,78
Mike Tee,78
STG Superior,78
Bradford Saunders,77
Yokubo Blackheart,77
SincerelyCleomi Archives,77
JoAnnie Plays,77
Desy Baby,77
Emily Does stuff,77
The North Platte Space Monkey B,77
DRO Puppepvp,77
ČŔÀXÈĽ,77
1 OAK Bahamas,77
SimplyCardo,76
bokensha,75
Munchyy_242,75
Face goo?,75
Moses Rohan,75
adbramsay,74
Vina's World,74
Baigon 242,74
Jay Scavella Jr,74
"TMovies, Clips and More",74
Blackbeard,74
Luhvify,73
sosazan,73
Reagan Taylor,73
ZERATI,73
DJ's Music Dump,73
danieltoshfan,73
ajgnoel,73
Shadena!,72
Zoom Pc,72
fendry,71
Sasha Lightbourne,71
Kristen R,71
Kiky Mickey,71
qluto,71
Jake The Gamer,71
NoName Scooters,71
Charlie,70
Johnson Ranta,70
DROXBOT,70
MÚSICA PARA QUEIMAR INCENSO,70
Finglops,70
Vlan Doom,69
LA von,69
Nazire Can,69
YxngQueTTV,69
The Hangman Grove,68
dirtee draco,68
Marjam Baiba,68
Rashard Knowles,67
Superior Wayne,67
Its tsunami,67
KING Ink,67
E. Sands,67
Narjy,67
FLEX OF LAUGHTER INC,67
Bartmancarti,67
Cloudy Msp,66
IIClapYouII,66
INOXIS,66
phobia,66
BigBadBoehms,65
Ricardo Carey,65
4 Rounds,65
Kutthroat,65
Rocky!!!!! Prince2,65
CUBIX,64
MrMona04BB,64
Its Flow,64
Snag Demon-_-,64
THE HEROBRINE GUY SUB1000SUBS,63
Jinx'sGoodLittleBoy,63
Brandon Cartwright,63
KAWAII D.I.Y,63
Joviibeatz,63
MLG MELON,63
Treythakidd,63
ALİ BURAK,63
Fr@g,62
XShadowXcel,62
Blk pvnda,62
"Mrs. Gayle Barrow-Farrington, MHRM",62
Mob West,62
Livid jojo,62
Relax,62
Sphenodon23,61
YTxuff,61
Sim Guy Ry,61
Mani,61
"OkChiv, HotKalik",61
TheRiyad1,60
denzel play,60
The Daily crime show,60
Siregetics,60
Adrian Zonicle,60
PhoenixSkittles,60
BES-G Gaming,60
The Exotic Boyz,60
Terror Time,60
Bong,59
KentayTheKing,59
RuthlessVillinGaming,59
Tripp,59
Tnt 4L,58
dux,58
Syco Syco,58
IHxteDre,58
Hotboy Killermichael YT,58
LFK PICS,58
sinus,58
Saxonire,57
estenger,57
Alfredo Smith,57
Kvean cleare,57
Oryan Dean,57
gymnastics girl,57
ㄣcongolees,57
Tedy Kirilov,57
LXRD,56
Powerstdawg,56
kolme markkoo,56
Giyu Tomioka,56
Prod. ZHARY,55
Renée Newbold,55
Liam Lambert,55
Taya Nation,55
Magaso242's Vod Channel,55
kendik,55
PrimeMusic,55
Susan Patlak,55
242 G.A.M.E.R.,55
Electric Mike.,54
Abm Shortz,54
Ramos Silva,54
Winston Cleare,54
Mike,54
Life Of Freeway,54
Exotic - CODM,54
NiizeX,53
Marlin Smith,53
Mathcraft 71,53
Kristóf Balogh,53
acanay,52
Holtermarvin,52
Light Sprite,52
Duke Casual,52
Nadz Vlogz,52
fight!!!!,52
Jamal Kemp,52
PerfectMusic4U,52
Rashad Penn Photography,51
Phat Boi,51
leon moore,51
Bahama Beatz,51
David Capalot,51
wia,51
Clan Produtora,50
rekia curry,50
Ewurabena Appiah,50
High Life Seafood,50
iAmStephan,50
Ecstasy,50
O-hGnTMfLs8XtWMK1S84SQ,50
Mystiç,50
Jacquelyn Kristena,49
Bishal shrestha Official,49
miahly21,49
Mridha Tv,49
OilinSha Coakley,49
ettab,48
vulvalove,48
Kadirin Göbeği,48
VizorTheUniGamer,48
Just Juicy,48
Gale Wings,47
mancityfan2009,47
Dude Ace,47
Assassina,46
majikkool200,46
Ajay,46
Let's Play Epic,46
Over Yonder Cay,46
Emerson Rodrigues,46
JayPlaysgt,46
Zahp,46
LetTheLightsShine,45
justcallmeQ,45
Golden Manuever,45
Fauci,45
Dignities,45
AyoYuri,45
Rafael Becerra,44
The 4bes Family,44
Xander's World,44
Konua,44
LesleyTheLegendOfficial,44
hayley-jo carr,44
taf,43
ReddyBirdyBae-_,43
KLeRK,43
Kaayvin,43
Ben 69ØP,43
neecie n͙o͙o͙d͙l͙e͙s͙,43
Justus von Kurthistan,43
That guy.,42
Bill Xia,42
RomonTheBeast,42
Wal,42
FairPlay Matrix,42
dnobleone,42
New Wine Kingdom Ministries,42
LilTrouble IMVU,42
Nilson Lourenço,41
lC,41
Dragon Soul Gaming,41
Big_Yeet,41
Rxtro,41
PABLO ON STIX,41
angelica the alicorn sylveon,41
permanentlei,41
NerdSwaggHD,40
Luke bih idk,40
༒FF•Watson,40
Jay Forbes,40
Fifi -,39
Fury,39
女女Klaus,39
Music silvia,39
Nekoz,39
Indy Carmeta,39
Bsquared,39
Vinny,39
Eloiss,39
Janpierre the gamer,39
Brooky Brown,39
大亨世界电影,39
Nyles Neymour,39
anon.,39
Sierra Boyd,39
Erick The Animatronic,38
Terrence Wilson,38
Erop EropbI4,38
stokrotka Stokrotka 13,38
guntheroo,38
Ksoo,38
Enel D,38
Jcnsi,37
OreoTheDoom,37
flamedragon3088,37
UpNComingStudios,37
Снежана Иванова,37
18 C,37
Night Winger,37
Vaildz,37
Teko,37
LucLeFou,36
Yvan Leboeuf,36
YungPorts,36
vitas exploits,36
SincerelyShah,36
htttsiiskkkkkdmhh,36
It'sDerrpy,35
Slade Seymour,35
Ramiro Rodriguez,35
FaMaRs God,35
Necia Oliver,35
OddlyGaming_Yt,35
ProdiMell,35
Bahama Divers,35
Areli Pérez,35
Kasix YT,35
Mature Rating Yes Adult Rating No …,35
Bound Dragons,34
Maats Blekker,34
Adagio Cheese,34
Enrikos Wells,34
AA Marker AA,34
Prozexon,34
Schmoozetube,34
Milton ϟϟ,34
Bro Nation,34
BlessBTW,34
BossLykeGeo,34
Mia Carey,33
charlatte x,33
Teenagers tears,33
oof,33
Maxime le guerch,33
White Fire Productions,33
Pharri,32
TeLs Tels,32
TangoYT,32
Nadya Munnings-Pratt,32
Berkshire Hathaway HomeServices Ba…,32
Bablu Bablu,32
MrMushroomToad,31
opportunityempire,31
DailyGeek,31
derek catalano,31
Talan,31
Elijah Higgs,31
Freedom love Bass,31
Life with Dwight,31
keshav Kushwah gwalior Mp,31
Fred Major,31
Bahamagamer22,31
RjAy_Xzz,31
Dwayne Smith,31
Greenoryx,31
demsd3,30
Archaic Faith Ministry Internation…,30
Мира Позитив,30
La Atalaya Del Conocimiento,30
Bre bre!!!,30
Dean Mullings Jr,30
Haus of Assembly,30
MSFTS,30
Max H,30
Banri 944,30
the beautiful intimidad 2017,30
springie111,29
whitelion351,29
Nadav 1212,29
N o A,29
Le em,29
Ferris Van de Ven,29
Swamp Country,29
Santinotetas,29
Rhodaea Robinson,29
yourname,29
HyperKiwi,29
Metalic95,28
WalkingFantasy,28
Valtio Cooper,28
CamPala,28
Rosey Playz,28
Melih Cemil,28
Drama YT,28
MartinMolen,28
Sacarver,28
Mr flep 2,28
DNSG TOONS,28
Tragicgamingyt,28
CW,27
Glyde Sides,27
Cruise Into Paradise,27
Mozart1087,27
CMC Enterprise,27
forallmankindtowatch,27
Cameron Knowles,27
Raynardo Hanna,27
Sakim family,27
Xúkí徐気,27
MrSivi,27
289 Entertainment,27
Kellz2020,27
Xyunity,27
Tiny Grouper,27
thegoldeneagletv,26
xoJamal,26
Milouro Blue,26
GudLuc Charlie,26
DwightsCrazyWorld,26
x0 KXNG LINTENDO 0x,26
secxrts,26
Exuma Water Sports,26
nrp360,25
İlker Önder,25
Downuri,25
ridox000supra,25
Bubbxa,25
hello good man,25
Lexus FN,25
theorchard zihad,25
Agus Calibare,25
Dermeko Lewis,25
Vasya_Pupkin,25
WidowEdits,24
sergi mestres,24
MechaFTW,24
zxdfgnmxfgnm,24
Armbrister Gaming,24
Chivelexx Klein,24
Tomzy,24
nalie,24
Carlysle Brown,24
Tortule,24
BeautifulLadyBebe,23
Chaos Doctrina,23
Dubah,23
habRBLX,23
Templarr,23
NoLimitShawny,23
Steak Haché Frite Cuisiné Par Le…,23
BigUltraFunny,23
_Ori_,23
mtkalik,22
Mr JMHG,22
CryingWolf91,22
Sidhant Arora,22
Jameson,22
halal667 Officiel,22
FarBeyonDriven,22
Nexo Nex,22
Johannes Helmersson,22
YouriVL,22
Senseikonoi,22
Island Bound Gaming,21
DisNutBoi,21
Robyn Pinder,21
matthew griee,21
Scratch & Win,21
Dr.Eggman,21
Kellron Taylor,21
CamtooShiesty8,21
Sandip Mehta,21
Manuel roblox gaming channel,21
UNOMAS GAMEPLAYS,21
D Blu,21
Unknown Gamer Adhi,21
Island Vibes Meditation,21
adventure boys,21
Dani Savov,20
catandfishfc,20
Mr Straight,20
Jawa Nation,20
DOPPO,20
Rojai,20
TecGroove,20
XD90 -YT,20
Sensei Garlton,20
Claudia Mendivil,20
Renan Leme,20
matheuzinho jh,20
FlameMan | DCUO,20
mattjonesable,19
hello uh,19
curtis ra9,19
Kai437 cp,19
Thumbus,19
Effel Offens,19
Techno Grzybiarz,19
Eef Van De Vyver,19
Raphaël Haquenne,19
Yamacraw_242,19
bauarbeiter03 bauarbeiter03,19
MAHOGUNIT SHARKBATE,19
GirlyGames123,19
Antonio charles,19
Fwn,19
ntiteuf,18
Lynden Williams,18
Miguel Young,18
bahamaboomer,18
flyingpotato132,18
Brandon Fowler,18
BAN998 YT,18
Samantha Bartyzel,18
soup,18
UnknownArk,18
Cl0ud __,18
WavingMelloYT,18
Напрасно Скейт,18
Joltz,18
KemisDigital,18
Organic Come Back Kitty,18
mailliw_Qc,18
darkYT,17
Stefan Moree,17
Lightxedits,17
TheGreatOne632,17
Nassau Rowing Club,17
MaLyTka Kozitskiy,17
ANNA SIAM,17
Fastflameninja12,17
TheFilmer.,17
НАЧИНАЮЩИЕ МУВИМЕ�…,17
Wellicia Brown,17
Ashton Hanna,17
TheTrueBananaBoi,17
Kuraidesu,17
Model Butterflies,17
OG NOG Gaming,17
REE,17
Carisa Brogdon,17
rashaun bostic,17
DemarePlays Cash,17
wolfen800,16
PerformTheater,16
meisterlaenglich,16
pinkii daht,16
cuuarter,16
Hehe No,16
Fizzle Awesomeness,16
mrlloydygamings,16
Pol Carrasco,15
David Wicker,15
Chris Rolle Channel,15
Shadow Potcakes,15
Sheldon J,15
TrapMusic,15
Ck Najee Radio,15
Ananda Ayumi Maki,15
Omegacharmaster,15
STORMYX30,15
FrapsGD,15
Jeury Martinez,15
onlyboy10,14
avernikas,14
BroFlexGains,14
thetobbit,14
leedstony67,14
AdventuresOfKiera-Marie,14
Deni,14
SCHOOLSTURF,14
¿Prime?GFX,14
KenZoGaming,14
Belette Prod,14
RaZeRXNight,14
Random things fr,14
Dr Shweta Thakkar,14
Mika Official Stems,14
saintedX1,14
Matt Tebbutt,14
M. G.,14
djhumes764,13
Dyamond is royalty,13
marijuanaman2,13
AbacoVacations,13
DefinedEditing,13
ElVikingoDeSanFermin,13
Turtle,13
Vaz,13
Arthur Peet,13
TITO HD,13
LOLplay TV,13
Al Campbell,13
comedy channels,13
TheOriginalOldKonoi,13
в гостях в em009,13
It’s Aquila Flair,13
I Am The One Loren Forbes,13
DragonKnight 433,13
TutorialScorpions,13
D Cash 7H,13
S O Drew,13
Ferrinhos!,13
Davi Nakano,12
maracatu2002,12
Kalljok - Minecraft,12
solitary games,12
crestfallen,12
Riley Swann12344,12
Hobbz Zholo,12
Aspiration4,11
Paola Alvino Christie,11
SaGeBeats,11
[] Grupson [],11
Beautiful Nightmare,11
daddicandi,11
Dontae Dames,11
Jeff Major,10
Katalakaska,10
Ella Hall,10
DeF MoR,10
Woogiebug,10
Jonathon McPhee,10
ইসলামের পথ,10
FlowerPotHead,10
Putnam,10
R E N O,10
Marioknuffelfilmpjes,10
A Captured Thought,9
IceTails23,9
acemaverick,9
memaddymads,9
Matthieu,9
Jomar Miller,9
SlickEditsToday,9
abhishek,9
FieryYT,9
Dgeada,9
Seeley Z,9
Jjm Djimi lolo Asosye,9
Truxxy M2,9
Family Gacha,9
FLEX OF LAUGHTER GAMING NETWORK,9
Cristian Gamer,9
Rodney Saunders,9
Shuffle Buddies,9
Cobravenom production,9
Raditz,9
kuszol,8
travisandtroy,8
Kello Stjean,8
Haruko Meyer,8
Lynden The Great,8
sdubonfbdsuhjf43,8
TheBushKid,8
Tiagogisch,8
No_Limits_Alden,8
Colin Eisley,8
PurpleBurro,8
vivendo a vida,8
Denis Bodoryak,8
TheRealAkumar 1,8
Critical Gaming,8
Oprah Greene 101,8
Kubusss P,8
SchüleTV,8
Lenni,8
fgdg dfgdfg,7
faregon,7
Jazz B,7
scottrolen27mvp,7
Action For Achievement,7
Hina Chaudhary,7
xXGamerHDXx,7
dirk,7
FunnyHoho?,7
PurpleCatPiss,7
Patkány Írtó,7
Gets 242,7
Bahamas Dolphin Adventure,7
Jem and Meka,7
Nalgaman,7
Lethal-THF,7
eugene :,7
Princess Keiley Gamer,7
HolidayFnaf 3005 VGCP [Saliohoytia…,7
TailsV2,6
qutiepie,6
Kevin Spielauer,6
Georgii T,6
Aleksandrs Vorobjovs,6
Lala Scott,6
Niero 123,6
TeknowLogic488,6
TheSuperdavid246,6
LPS family Channel,6
Don's Gaming Channel,6
Kiaan Vlogs,6
TomAnimates,6
Adagiocheese,6
Slyfce Roblox,6
DADDYDTV,6
TrapLegend,6
Jonathan Evans,5
VideoExperts101,5
Gabrielle Wright,5
Ab4as5,5
lj sj,5
Just Peachy,5
Sonia Jambrina,4
kenniata,4
infiniting,4
sarah16302,4
MSP Neeks,4
Limonchik Limonow,4
Mall Cimena,4
CANT CLIMB LEDGES,4
Anthony Errol Farquharson,4
Athais,3
Agua Amigo,3
RenSoAbrupt,3
Taylor The Broadcaster,3
Shiny Green Bros,1
,--
,--
,--
,--
,--
,--
,--
,--
,--
,--
,--
,--
,--
,--
,--
,--
,--
,--
,--
,--
,--
,--
,--
,--
,--
,--
,--
,--
,--
,--
,--
,--
,--
,--
,--
,--
,--
,--
,--
,--
,--
,--
,--
,--
,--
,--
,--
,--
,--
,--
,--
,--
,--
,--
,--
,--
,--
,--
,--
,--
,--
,--
,--
,--
,--
,--
,--
,--
,--
,--
,--
,--
,--
,--
,--
,--
,--
,--
,--
,--
,--
,--
,--
,--
,--
,--
,--
,--
,--
,--
,--
,--
,--
,--
,--
,--
,--
,--
,--
,--
,--
,--
,--
,--
,--
,--
,--
,--
,--
,--
,--
,--
,--
,--
,--
,--
,--
,--
,--
,--
,--
,--
,--
,--
,--
,--
,--
,--
,--
,--
,--
,--
,--
,--
,--
,--
,--
,--
,--
,--
,--
,--
,--
,--
,--
,--
,--
,--
,--
,--
,--
,--
,--
,--
,--
,--
,--
,--
,--
,--
,--
,--
,--
,--
,--
,--
,--
,--
,--
,--
,--
,--
,--
,--
,--
,--
,--
,--
,--
,--
,--
,--
,--
,--
,--
,--
,--
,--
,--
,--
,--
,--
,--
,--
,--
,--
,--
,--
,--
,--
,--
,--
,--
,--
,--
,--
,--
,--
,--
,--
,--
,--
,--
,--
,--
,--
,--
,--
,--
,--
,--
,--
,--
,--
,--
,--
,--
,--
,--
,--
,--
,--
,--
,--
,--
,--
,--
,--
,--
,--
,--
,--
,--
,--
,--
,--
,--
,--
,--
,--
,--
,--
,--
,--
,--
,--
,--
,--
,--
,--
,--
,--
,--
,--
,--
,--
,--
,--
,--
,--
,--
,--
,--
,--
,--
,--
,--
,--
,--
,--
,--
,--
,--
,--
,--
,--
,--
,--
,--
,--
,--
,--
,--
,--
,--
,--
,--
,--
,--
,--
,--
,--
,--
,--
,--
,--
,--
,--
,--
,--
,--
,--
,--
,--
,--
,--
,--
,--
,--
,--
,--
,--
,--
,--
,--
,--
,--
,--
,--
,--
,--
,--
,--
,--
,--
,--
,--
,--
,--
,--
,--
,--
,--
,--
,--
,--
,--
,--
,--
,--
,--
,--
,--
,--
,--
,--
,--
,--
,--
,--
,--
,--
,--
,--
,--
,--
,--
,--
,--
,--
,--
,--
,--
,--
,--
,--
,--
,--
,--
,--
,--
,--
,--
,--
,--
,--
,--
,--
,--
,--
,--
,--
,--
,--
,--
,--
,--
,--
,--
,--
,--
,--
,--
,--
,--
,--
,--
,--
,--
,--
,--
,--
,--
,--
,--
,--
,--
,--
,--
,--
,--
,--
,--
,--
,--
,--
,--
,--
,--
,--
,--
,--
,--
,--
,--
,--
,--
,--
,--
,--
,--
,--
,--
,--
,--
,--
,--
,--
,--
,--
,--
,--
,--
,--
,--
,--
,--
,--
,--
,--
,--
,--
,--
,--
,--
,--
,--
,--
,--
,--
,--
,--
,--
,--
,--
,--
,--
,--
,--
,--
,--
,--
,--
,--
,--
,--
,--
,--
,--
,--
,--
,--
,--
,--
,--
,--
,--
,--
,--
,--
,--
,--
,--
,--
,--
,--
,--
,--
,--
,--
,--
,--
,--
,--
,--
,--
,--
,--
,--
,--
,--
,--
,--
,--
,--
,--
,--
,--
,--
,--
,--
,--
,--
,--
,--
,--
,--
,--
,--
,--
,--
,--
,--
,--
,--
,--
,--
,--
,--
,--
,--
,--
,--
,--
,--
,--
,--
,--
,--
,--
,--
,--
,--
,--
,--
,--
,--
,--
,--
,--
,--
,--
,--
,--
,--
,--
,--
,--
,--
,--
,--
,--
,--
,--
,--
,--
,--
,--
,--
,--
,--
,--
,--
,--
,--
,--
,--
,--
,--
,--
,--
,--
,--
,--
,--
,--
,--
,--
,--
,--
,--
,--
,--
,--
,--
,--
,--
,--
,--
,--
,--
,--
,--
,--
,--
,--
,--
,--
,--
,--
,--
,--
,--
,--
,--
,--
,--
,--
,--
,--
,--
,--
,--
,--
,--
,--
,--
,--
,--
,--
,--
,--
,--
,--
,--
,--
,--
,--
,--
,--
,--
,--
,--
,--
,--
,--
,--
,--
,--
,--
,--
,--
,--
,--
,--
,--
,--
,--
,--
,--
,--
,--
,--
,--
,--
,--
,--
,--
,--
,--
,--
,--
,--
,--
,--
,--
,--
,--
,--
,--
,--
,--
,--
,--
,--
,--
,--
,--
,--
,--
,--
,--
,--
,--
,--
,--
,--
,--
,--
,--
,--
,--
,--
,--
,--
,--
,--
,--
,--
,--
,--
,--
,--
,--
,--
,--
,--
,--
,--
,--
,--
,--
,--
,--
,--
,--
,--
,--
,--
,--
,--
,--
,--
,--
,--
,--
,--
,--
,--
,--
,--
,--
,--
,--
,--
,--
,--
,--
,--
,--
,--
,--
,--
,--
,--
,--
,--
,--
,--
,--
,--
,--
,--
,--
,--
,--
,--
,--
,--
,--
,--
,--
,--
,--
,--
,--
,--
,--
,--
,--
,--
,--
,--
,--
,--
,--
,--
,--
,--
,--
,--
,--
,--
,--
,--
,--
,--
,--
,--
,--
,--
,--
,--
,--
,--
,--
,--
,--
,--
,--
,--
,--
,--
,--
,--
,--
,--
,--
,--
,--
,--
,--
,--
,--
,--
,--
,--
,--
,--
,--
,--
,--
,--
,--
,--
,--
,--
,--
,--
,--
,--
,--
,--
,--
,--
,--
,--
,--
,--
,--
,--
,--
,--
,--
,--
,--
,--
,--
,--
,--
,--
,--
,--
,--
,--
,--
,--
,--
,--
,--
,--
,--
,--
,--
,--
,--
,--
,--
,--
,--
,--
,--
,--
,--
,--
,--
,--
,--
,--
,--
,--
,--
,--
,--
,--
,--
,--
,--
,--
,--
,--
,--
,--
,--
,--
,--
,--
,--
,--
,--
,--
,--
,--
,--
,--
,--
,--
,--
,--
,--
,--
,--
,--
,--
,--
,--
,--
,--
,--
,--
,--
,--
,--
,--
,--
,--
,--
,--
,--
,--
,--
,--
,--
,--
,--
,--
,--
,--
,--
,--
,--
,--
,--
,--
,--
,--
,--
,--
,--
,--
,--
,--
,--
,--
,--
,--
,--
,--
,--
,--
,--
,--
,--
,--
,--
,--
,--
,--
,--
,--
,--
,--
,--
,--
,--
,--
,--
,--
,--
,--
,--
,--
,--
,--
,--
,--
,--
,--
,--
,--
,--
,--
,--
,--
,--
,--
,--
,--
,--
,--
,--
,--
,--
,--
,--
,--
,--
,--
,--
,--
,--
,--
,--
,--
,--
,--
,--
,--
,--
,--
,--
,--
,--
,--
,--
,--
,--
,--
,--
,--
,--
,--
,--
,--
,--
,--
,--
,--
,--
,--
,--
,--
,--
,--
,--
,--
,--
,--
,--
,--
,--
,--
,--
,--
,--
,--
,--
,--
,--
,--
,--
,--
,--
,--
,--
,--
,--
,--
,--
,--
,--
,--
,--
,--
,--
,--
,--
,--
,--
,--
,--
,--
,--
,--
,--
,--
,--
,--
,--
,--
,--
,--
,--
,--
,--
,--
,--
,--
,--
,--
,--
,--
,--
,--
,--
,--
,--
,--
,--
,--
,--
,--
,--
,--
,--
,--
,--
,--
,--
,--
,--
,--
,--
,--
,--
,--
,--
,--
,--
,--
,--
,--
,--
,--
,--
,--
,--
,--
,--
,--
,--
,--
,--
,--
,--
,--
,--
,--
,--
,--
,--
,--
,--
,--
,--
,--
,--
,--
,--
,--
,--
,--
,--
,--
,--
,--
,--
,--
,--
,--
,--
,--
,--
,--
,--
,--
,--
,--
,--
,--
,--
,--
,--
,--
,--
,--
,--
,--
,--
,--
,--
,--
,--
,--
,--
,--
,--
,--
,--
,--
,--
,--
,--
,--
,--
,--
,--
,--
,--
,--
,--
,--
,--
,--
,--
,--
,--
,--
,--
,--
,--
,--
,--
,--
,--
,--
,--
,--
,--
,--
,--
,--
,--
,--
,--
,--
,--
,--
,--
,--
,--
,--
,--
,--
,--
,--
,--
,--
,--
,--
,--
,--
,--
,--
,--
,--
,--
,--
,--
,--
,--
,--
,--
,--
,--
,--
,--
,--
,--
,--
,--
,--
,--
,--
,--
,--
,--
,--
,--
,--
,--
,--
,--
,--
,--
,--
,--
,--
,--
,--
,--
,--
,--
,--
,--
,--
,--
,--
,--
,--
,--
,--
,--
,--
,--
,--
,--
,--
,--
,--
,--
,--
,--
,--
,--
,--
,--
,--
,--
,--
,--
,--
,--
,--
,--
,--
,--
,--
,--
,--
,--
,--
,--
,--
,--
,--
,--
,--
,--
,--
,--
,--
,--
,--
,--
,--
,--
,--
,--
,--
,--
,--
,--
,--
,--
,--
,--
,--
,--
,--
,--
,--
,--
,--
,--
,--
,--
,--
,--
,--
,--
,--
,--
,--
,--
,--
,--
,--
,--
,--
,--
,--
,--
,--
,--
,--
,--
,--
,--
,--
,--
,--
,--
,--
,--
,--
,--
,--
,--
,--
,--
,--
,--
,--
,--
,--
,--
,--
,--
,--
,--
,--
,--
,--
,--
,--
,--
,--
,--
,--
,--
,--
,--
,--
,--
,--
,--
,--
,--
,--
,--
,--
,--
,--
,--
,--
,--
,--
,--
,--
,--
,--
,--
,--
,--
,--
,--
,--
,--
,--
,--
,--
,--
,--
,--
,--
,--
,--
,--
,--
,--
,--
,--
,--
,--
,--
,--
,--
,--
,--
,--
,--
,--
,--
,--
,--
,--
,--
,--
,--
,--
,--
,--
,--
,--
,--
,--
,--
,--
,--
,--
,--
,--
,--
,--
,--
,--
,--
,--
,--
,--
,--
,--
,--
,--
,--
,--
,--
,--
,--
,--
,--
,--
,--
,--
,--
,--
,--
,--
,--
,--
,--
,--
,--
,--
,--
,--
,--
,--
,--
,--
,--
,--
,--
,--
,--
,--
,--
,--
,--
,--
,--
,--
,--
,--
,--
,--
,--
,--
,--
,--
,--
,--
,--
,--
,--
,--
,--
,--
,--
,--
,--
,--
,--
,--
,--
,--
,--
,--
,--
,--
,--
,--
,--
,--
,--
,--
,--
,--
,--
,--
,--
,--
,--
,--
,--
,--
,--
,--
,--
,--
,--
,--
,--
,--
,--
,--
,--
,--
,--
,--
,--
,--
,--
,--
,--
,--
,--
,--
,--
,--
,--
,--
,--
,--
,--
,--
,--
,--
,--
,--
,--
,--
,--
,--
,--
,--
,--
,--
,--
,--
,--
,--
,--
,--
,--
,--
,--
,--
,--
,--
,--
,--
,--
,--
,--
,--
,--
,--
,--
,--
,--
,--
,--
,--
,--
,--
,--
,--
,--
,--
,--
,--
,--
,--
,--
,--
,--
,--
,--
,--
,--
,--
,--
,--
,--
,--
,--
,--
,--
,--
,--
,--
,--
,--
,--
,--
,--
,--
,--
,--
,--
,--
,--
,--
,--
,--
,--
,--
,--
,--
,--
,--
,--
,--
,--
,--
,--
,--
,--
,--
,--
,--
,--
,--
,--
,--
,--
,--
,--
,--
,--
,--
,--
,--
,--
,--
,--
,--
,--
,--
,--
,--
,--
,--
,--
,--
,--
,--
,--
,--
,--
,--
,--
,--
,--
,--
,--
,--
,--
,--
,--
,--
,--
,--
,--
,--
,--
,--
,--
,--
,--
,--
,--
,--
,--
,--
,--
,--
,--
,--
,--
,--
,--
,--
,--
,--
,--
,--
,--
,--
,--
,--
,--
,--
,--
,--
,--
,--
,--
,--
,--
,--
,--
,--
,--
,--
,--
,--
,--
,--
,--
,--
,--
,--
,--
,--
,--
,--
,--
,--
,--
,--
,--
,--
,--
,--
,--
,--
,--
,--
,--
,--
,--
,--
,--
,--
,--
,--
,--
,--
,--
,--
,--
,--
,--
,--
,--
,--
,--
,--
,--
,--
,--
,--
,--
,--
,--
,--
,--
,--
,--
,--
,--
,--
,--
,--
,--
,--
,--
,--
,--
,--
,--
,--
,--
,--
,--
,--
,--
,--
,--
,--
,--
,--
,--
,--
,--
,--
,--
,--
,--
,--
,--
,--
,--
,--
,--
,--
,--
,--
,--
,--
,--
,--
,--
,--
,--
,--
,--
,--
,--
,--
,--
,--
,--
,--
,--
,--
,--
,--
,--
,--
,--
,--
,--
,--
,--
,--
,--
,--
,--
,--
,--
,--
,--
,--
,--
,--
,--
,--
,--
,--
,--
,--
,--
,--
,--
,--
,--
,--
,--
,--
,--
,--
,--
,--
,--
,--
,--
,--
,--
,--
,--
,--
,--
,--
,--
,--
,--
,--
,--
,--
,--
,--
,--
,--
,--
,--
,--
,--
,--
,--
,--
,--
,--
,--
,--
,--
,--
,--
,--
,--
,--
,--
,--
,--
,--
,--
,--
,--
,--
,--
,--
,--
,--
,--
,--
,--
,--
,--
,--
,--
,--
,--
,--
,--
,--
,--
,--
,--
,--
,--
,--
,--
,--
,--
,--
,--
,--
,--
,--
,--
,--
,--
,--
,--
,--
,--
,--
,--
,--
,--
,--
,--
,--
,--
,--
,--
,--
,--
,--
,--
,--
,--
,--
,--
,--
,--
,--
,--
,--
,--
,--
,--
,--
,--
,--
,--
,--
,--
,--
,--
,--
,--
,--
,--
,--
,--
,--
,--
,--
,--
,--
,--
,--
,--
,--
,--
,--
,--
,--
,--
,--
,--
,--
,--
,--
,--
,--
,--
,--
,--
,--
,--
,--
,--
,--
,--
,--
,--
,--
,--
,--
,--
,--
,--
,--
,--
,--
,--
,--
,--
,--
,--
,--
,--
,--
,--
,--
,--
,--
,--
,--
,--
,--
,--
,--
,--
,--
,--
,--
,--
,--
,--
,--
,--
,--
,--
,--
,--
,--
,--
,--
,--
,--
,--
,--
,--
,--
,--
,--
,--
,--
,--
,--
,--
,--
,--
,--
,--
,--
,--
,--
,--
,--
,--
,--
,--
,--
,--
,--
,--
,--
,--
,--
,--
,--
,--
,--
,--
,--
,--
,--
,--
,--
,--
,--
,--
,--
,--
,--
,--
,--
,--
,--
,--
,--
,--
,--
,--
,--
,--
,--
,--
,--
,--
,--
,--
,--
,--
,--
,--
,--
,--
,--
,--
,--
,--
,--
,--
,--
,--
,--
,--
,--
,--
,--
,--
,--
,--
,--
,--
,--
,--
,--
,--
,--
,--
,--
,--
,--
,--
,--
,--
,--
,--
,--
,--
,--
,--
,--
,--
,--
,--
,--
,--
,--
,--
,--
,--
,--
,--
,--
,--
,--
,--
,--
,--
,--
,--
,--
,--
,--
,--
,--
,--
,--
,--
,--
,--
,--
,--
,--
,--
,--
,--
,--
,--
,--
,--
,--
,--
,--
,--
,--
,--
,--
,--
,--
,--
,--
,--
,--
,--
,--
,--
,--
,--
,--
,--
,--
,--
,--
,--
,--
,--
,--
,--
,--
,--
,--
,--
,--
,--
,--
,--
,--
,--
,--
,--
,--
,--
,--
,--
,--
,--
,--
,--
,--
,--
,--
,--
,--
,--
,--
,--
,--
,--
,--
,--
,--
,--
,--
,--
,--
,--
,--
,--
,--
,--
,--
,--
,--
,--
,--
,--
,--
,--
,--
,--
,--
,--
,--
,--
,--
,--
,--
,--
,--
,--
,--
,--
,--
,--
,--
,--
,--
,--
,--
,--
,--
,--
,--
,--
,--
,--
,--
,--
,--
,--
,--
,--
,--
,--
,--
,--
,--
,--
,--
,--
,--
,--
,--
,--
,--
,--
,--
,--
,--
,--
,--
,--
,--
,--
,--
,--
,--
,--
,--
,--
,--
,--
,--
,--
,--
,--
,--
,--
,--
,--
,--
,--
,--
,--
,--
,--
,--
,--
,--
,--
,--
,--
,--
,--
,--
,--
,--
,--
,--
,--
,--
,--
,--
,--
,--
,--
,--
,--
,--
,--
,--
,--
,--
,--
,--
,--
,--
,--
,--
,--
,--
,--
,--
,--
,--
,--
,--
,--
,--
,--
,--
,--
,--
,--
,--
,--
,--
,--
,--
,--
,--
,--
,--
,--
,--
,--
,--
,--
,--
,--
,--
,--
,--
,--
,--
,--
,--
,--
,--
,--
,--
,--
,--
,--
,--
,--
,--
,--
,--
,--
,--
,--
,--
,--
,--
,--
,--
,--
,--
,--
,--
,--
,--
,--
,--
,--
,--
,--
,--
,--
,--
,--
,--
,--
,--
,--
,--
,--
,--
,--
,--
,--
,--
,--
,--
,--
,--
,--
,--
,--
,--
,--
,--
,--
,--
,--
,--
,--
,--
,--
,--
,--
,--
,--
,--
,--
,--
,--
,--
,--
,--
,--
,--
,--
,--
,--
,--
,--
,--
,--
,--
,--
,--
,--
,--
,--
,--
,--
,--
,--
,--
,--
,--
,--
,--
,--
,--
,--
,--
,--
,--
,--
,--
,--
,--
,--
,--
,--
,--
,--
,--
,--
,--
,--
,--
,--
,--
,--
,--
,--
,--
,--
,--
,--
,--
,--
,--
,--
,--
,--
,--
,--
,--
,--
,--
,--
,--
,--
,--
,--
,--
,--
,--
,--
,--
,--
,--
,--
,--
,--
,--
,--
,--
,--
,--
,--
,--
,--
,--
,--
,--
,--
,--
,--
,--
,--
,--
,--
,--
,--
,--
,--
,--
,--
,--
,--
,--
,--
,--
,--
,--
,--
,--
,--
,--
,--
,--
,--
,--
,--
,--
,--
,--
,--
,--
,--
,--
,--
,--
,--
,--
,--
,--
,--
,--
,--
,--
,--
,--
,--
,--
,--
,--
,--
,--
,--
,--
,--
,--
,--
,--
,--
,--
,--
,--
,--
,--
,--
,--
,--
,--
,--
,--
,--
,--
,--
,--
,--
,--
,--
,--
,--
,--
,--
,--
,--
,--
,--
,--
,--
,--
,--
,--
,--
,--
,--
,--
,--
,--
,--
,--
,--
,--
,--
,--
,--
,--
,--
,--
,--
,--
,--
,--
,--
,--
,--
,--
,--
,--
,--
,--
,--
,--
,--
,--
,--
,--
,--
,--
,--
,--
,--
,--
,--
,--
,--
,--
,--
,--
,--
,--
,--
,--
,--
,--
,--
,--
,--
,--
,--
,--
,--
,--
,--
,--
,--
,--
,--
,--
,--
,--
,--
,--
,--
,--
,--
,--
,--
,--
,--
,--
,--
,--
,--
,--
,--
,--
,--
,--
,--
,--
,--
,--
,--
,--
,--
,--
,--
,--
,--
,--
,--
,--
,--
,--
,--
,--
,--
,--
,--
,--
,--
,--
,--
,--
,--
,--
,--
,--
,--
,--
,--
,--
,--
,--
,--
,--
,--
,--
,--
,--
,--
,--
,--
,--
,--
,--
,--
,--
,--
,--
,--
,--
,--
,--
,--
,--
,--
,--
,--
,--
,--
,--
,--
,--
,--
,--
,--
,--
,--
,--
,--
,--
,--
,--
,--
,--
,--
,--
,--
,--
,--
,--
,--
,--
,--
,--
,--
,--
,--
,--
,--
,--
,--
,--
,--
,--
,--
,--
,--
,--
,--
,--
,--
,--
,--
,--
,--
,--
,--
,--
,--
,--
,--
,--
,--
,--
,--
,--
,--
,--
,--
,--
,--
,--
,--
,--
,--
,--
,--
,--
,--
,--
,--
,--
,--
,--
,--
,--
,--
,--
,--
,--
,--
,--
,--
,--
,--
,--
,--
,--
,--
,--
,--
,--
,--
,--
,--
,--
,--
,--
,--
,--
,--
,--
,--
,--
,--
,--
,--
,--
,--
,--
,--
,--
,--
,--
,--
,--
,--
,--
,--
,--
,--
,--
,--
,--
,--
,--
,--
,--
,--
,--
,--
,--
,--
,--
,--
,--
,--
,--
,--
,--
,--
,--
,--
,--
,--
,--
,--
,--
,--
,--
,--
,--
,--
,--
,--
,--
,--
,--
,--
,--
,--
,--
,--
,--
,--
,--
,--
,--
,--
,--
,--
,--
,--
,--
,--
,--
,--
,--
,--
,--
,--
,--
,--
,--
,--
,--
,--
,--
,--
,--
,--
,--
,--
,--
,--
,--
,--
,--
,--
,--
,--
,--
,--
,--
,--
,--
,--
,--
,--
,--
,--
,--
,--
,--
,--
,--
,--
,--
,--
,--
,--
,--
,--
,--
,--
,--
,--
,--
,--
,--
,--
,--
,--
,--
,--
,--
,--
,--
,--
,--
,--
,--
,--
,--
,--
,--
,--
,--
,--
,--
,--
,--
,--
,--
,--
,--
,--
,--
,--
,--
,--
,--
,--
,--
,--
,--
,--
,--
,--
,--
,--
,--
,--
,--
,--
,--
,--
,--
,--
,--
,--
,--
,--
,--
,--
,--
,--
,--
,--
,--
,--
,--
,--
,--
,--
,--
,--
,--
,--
,--
,--
,--
,--
,--
,--
,--
,--
,--
,--
,--
,--
,--
,--
,--
,--
,--
,--
,--
,--
,--
,--
,--
,--
,--
,--
,--
,--
,--
,--
,--
,--
,--
,--
,--
,--
,--
,--
,--
,--
,--
,--
,--
,--
,--
,--
,--
,--
,--
,--
,--
,--
,--
,--
,--
,--
,--
,--
,--
,--
,--
,--
,--
,--
,--
,--
,--
,--
,--
,--
,--
,--
,--
,--
,--
,--
,--
,--
,--
,--
,--
,--
,--
,--
,--
,--
,--
,--
,--
,--
,--
,--
,--
,--
,--
,--
,--
,--
,--
,--
,--
,--
,--
,--
,--
,--
,--
,--
,--
,--
,--
,--
,--
,--
,--
,--
,--
,--
,--
,--
,--
,--
,--
,--
,--
,--
,--
,--
,--
,--
,--
,--
,--
,--
,--
,--
,--
,--
,--
,--
,--
,--
,--
,--
,--
,--
,--
,--
,--
,--
,--
,--
,--
,--
,--
,--
,--
,--
,--
,--
,--
,--
,--
,--
,--
,--
,--
,--
,--
,--
,--
,--
,--
,--
,--
,--
,--
,--
,--
,--
,--
,--
